#fisheye <TBD> deg diagonal FOV (<TBD> deg calibration FOV) | width, height, optical center X,Y, 1025 values theta-to-radius, corresponding to [0,pi], step pi/1024, extrapolated beyond real FOV, monotonically increasing
2688  #width
1520  #height
1359.48665  #optical center X, pixel coodinates - top-left pixel is (0.5, 0.5)
806.72329  #optical center Y, pixel coodinates - top-left pixel is (0.5, 0.5)
0		#theta2r[0] = 0
4.56805	#theta2r[1], focal_length = theta2r[1] / (pi/1024)
9.13607
13.70407
18.27201
22.83988
27.40767
31.97536
36.54292
41.11034
45.67761
50.24471
54.81162
59.37832
63.94479
68.51103
73.07700
77.64270
82.20811
86.77320
91.33796
95.90238
100.46644
105.03011
109.59339
114.15625
118.71868
123.28066
127.84217
132.40319
136.96371
141.52371
146.08317
150.64208
155.20041
159.75815
164.31528
168.87178
173.42764
177.98284
182.53736
187.09118
191.64428
196.19665
200.74827
205.29911
209.84917
214.39843
218.94686
223.49445
228.04118
232.58703
237.13199
241.67603
246.21913
250.76129
255.30248
259.84268
264.38187
268.92004
273.45716
277.99323
282.52821
287.06209
291.59486
296.12649
300.65697
305.18627
309.71438
314.24128
318.76695
323.29136
327.81451
332.33638
336.85693
341.37617
345.89405
350.41057
354.92571
359.43945
363.95177
368.46264
372.97206
377.47999
381.98643
386.49134
390.99472
395.49654
399.99678
404.49542
408.99244
413.48783
417.98156
422.47362
426.96397
431.45261
435.93951
440.42466
444.90802
449.38959
453.86934
458.34726
462.82331
467.29749
471.76976
476.24012
480.70853
485.17499
489.63946
494.10193
498.56238
503.02079
507.47713
511.93138
516.38353
520.83356
525.28143
529.72714
534.17066
538.61196
543.05104
547.48786
551.92241
556.35466
560.78460
565.21220
569.63744
574.06030
578.48076
582.89879
587.31438
591.72751
596.13815
600.54628
604.95188
609.35492
613.75540
618.15328
622.54854
626.94116
631.33113
635.71841
640.10299
644.48484
648.86395
653.24029
657.61384
661.98457
666.35247
670.71752
675.07969
679.43896
683.79530
688.14871
692.49914
696.84659
701.19104
705.53245
709.87080
714.20609
718.53827
722.86734
727.19326
731.51603
735.83561
740.15198
744.46512
748.77502
753.08164
757.38496
761.68498
765.98165
770.27496
774.56490
778.85143
783.13453
787.41419
791.69038
795.96307
800.23226
804.49791
808.76001
813.01853
817.27345
821.52475
825.77241
830.01641
834.25672
838.49333
842.72621
846.95534
851.18070
855.40226
859.62002
863.83394
868.04401
872.25020
876.45250
880.65087
884.84531
889.03579
893.22229
897.40478
901.58326
905.75769
909.92806
914.09435
918.25653
922.41459
926.56850
930.71825
934.86382
939.00518
943.14232
947.27521
951.40384
955.52818
959.64823
963.76394
967.87532
971.98233
976.08497
980.18320
984.27702
988.36639
992.45131
996.53176
1000.60770
1004.67914
1008.74605
1012.80840
1016.86619
1020.91939
1024.96799
1029.01197
1033.05130
1037.08598
1041.11598
1045.14130
1049.16190
1053.17777
1057.18891
1061.19528
1065.19687
1069.19367
1073.18566
1077.17282
1081.15514
1085.13260
1089.10518
1093.07288
1097.03566
1100.99352
1104.94645
1108.89442
1112.83742
1116.77544
1120.70846
1124.63647
1128.55945
1132.47738
1136.39027
1140.29808
1144.20080
1148.09843
1151.99094
1155.87833
1159.76058
1163.63768
1167.50961
1171.37637
1175.23793
1179.09429
1182.94543
1186.79135
1190.63203
1194.46745
1198.29761
1202.12249
1205.94209
1209.75639
1213.56537
1217.36904
1221.16738
1224.96037
1228.74801
1232.53029
1236.30720
1240.07872
1243.84485
1247.60558
1251.36089
1255.11078
1258.85525
1262.59427
1266.32784
1270.05596
1273.77861
1277.49579
1281.20748
1284.91368
1288.61438
1292.30958
1295.99926
1299.68342
1303.36206
1307.03515
1310.70270
1314.36471
1318.02115
1321.67203
1325.31734
1328.95708
1332.59123
1336.21979
1339.84276
1343.46012
1347.07189
1350.67803
1354.27857
1357.87347
1361.46276
1365.04640
1368.62441
1372.19678
1375.76350
1379.32457
1382.87998
1386.42972
1389.97381
1393.51222
1397.04496
1400.57202
1404.09340
1407.60909
1411.11909
1414.62340
1418.12201
1421.61492
1425.10212
1428.58361
1432.05939
1435.52946
1438.99380
1442.45243
1445.90532
1449.35249
1452.79392
1456.22962
1459.65958
1463.08379
1466.50226
1469.91497
1473.32193
1476.72314
1480.11858
1483.50826
1486.89217
1490.27030
1493.64267
1497.00925
1500.37005
1503.72506
1507.07428
1510.41770
1513.75532
1517.08714
1520.41315
1523.73334
1527.04772
1530.35627
1533.65899
1536.95588
1540.24693
1543.53213
1546.81148
1550.08497
1553.35259
1556.61434
1559.87022
1563.12021
1566.36431
1569.60250
1572.83479
1576.06116
1579.28160
1582.49611
1585.70468
1588.90729
1592.10394
1595.29461
1598.47930
1601.65799
1604.83068
1607.99734
1611.15797
1614.31256
1617.46109
1620.60354
1623.73991
1626.87017
1629.99432
1633.11233
1636.22419
1639.32988
1642.42939
1645.52269
1648.60977
1651.69061
1654.76518
1657.83347
1660.89545
1663.95110
1667.00040
1670.04332
1673.07984
1676.10993
1679.13357
1682.15073
1685.16138
1688.16549
1691.16304
1694.15398
1697.13830
1700.11595
1703.08690
1706.05112
1709.00858
1711.95922
1714.90303
1717.83995
1720.76996
1723.69299
1726.60903
1729.51801
1732.41990
1735.31465
1738.20221
1741.08253
1743.95557
1746.82127
1749.67958
1752.53044
1755.37380
1758.20960
1761.03779
1763.85830
1766.67107
1769.47604
1772.27314
1775.06231
1777.84348
1780.61658
1783.38154
1786.13827
1788.88672
1791.62680
1794.35843
1797.08154
1799.79603
1802.50183
1805.19885
1807.88700
1810.56619
1813.23632
1815.89730
1818.54904
1821.19144
1823.82438
1826.44778
1829.06152
1831.66549
1834.25959
1836.84370
1839.41770
1841.98148
1844.53491
1847.07788
1849.61025
1852.13190
1854.64269
1857.14250
1859.63118
1862.10859
1864.57459
1867.02904
1869.47178
1871.90267
1874.32155
1876.72826
1879.12264
1881.50452
1883.87374
1886.23013
1888.57351
1890.90371
1893.22054
1895.52381
1897.81335
1900.08896
1902.35043
1904.59758
1906.83020
1909.04808
1911.25102
1913.43879
1915.61117
1917.76796
1919.90891
1922.03379
1924.14238
1926.23443
1928.30970
1930.36793
1932.40889
1934.43230
1936.43791
1938.42544
1940.39464
1942.34522
1944.27690
1946.18939
1948.08241
1949.95566
1951.80884
1953.64164
1955.45375
1957.24485
1959.01463
1960.76275
1962.48888
1964.19268
1965.87381
1967.53193
1969.16666
1970.77766
1972.36455
1973.92696
1975.46451
1976.97682
1978.46349
1979.92413
1981.35833
1982.76568
1984.14576
1985.49814
1986.82241
1988.11811
1989.38481
1990.62205
1991.82937
1993.00632
1994.15240
1995.26716
1996.35009
1997.40070
1998.41849
1999.40295
2000.35356
2001.26980
2002.15113
2002.99701
2003.80689
2004.58021
2005.31641
2006.01490
2006.67512
2007.29646
2007.87833
2008.42011
2008.92119
2009.38094
2009.79873
2010.17391
2010.50582
2010.79380
2011.03719
2011.23528
2011.38740
2011.49285
2011.55089
2011.56083
2011.57076
2011.58069
2011.59063
2011.60056
2011.61049
2011.62043
2011.63036
2011.64030
2011.65023
2011.66016
2011.67010
2011.68003
2011.68996
2011.69990
2011.70983
2011.71976
2011.72970
2011.73963
2011.74956
2011.75950
2011.76943
2011.77936
2011.78930
2011.79923
2011.80917
2011.81910
2011.82903
2011.83897
2011.84890
2011.85883
2011.86877
2011.87870
2011.88863
2011.89857
2011.90850
2011.91843
2011.92837
2011.93830
2011.94823
2011.95817
2011.96810
2011.97804
2011.98797
2011.99790
2012.00784
2012.01777
2012.02770
2012.03764
2012.04757
2012.05750
2012.06744
2012.07737
2012.08730
2012.09724
2012.10717
2012.11710
2012.12704
2012.13697
2012.14691
2012.15684
2012.16677
2012.17671
2012.18664
2012.19657
2012.20651
2012.21644
2012.22637
2012.23631
2012.24624
2012.25617
2012.26611
2012.27604
2012.28598
2012.29591
2012.30584
2012.31578
2012.32571
2012.33564
2012.34558
2012.35551
2012.36544
2012.37538
2012.38531
2012.39524
2012.40518
2012.41511
2012.42504
2012.43498
2012.44491
2012.45485
2012.46478
2012.47471
2012.48465
2012.49458
2012.50451
2012.51445
2012.52438
2012.53431
2012.54425
2012.55418
2012.56411
2012.57405
2012.58398
2012.59391
2012.60385
2012.61378
2012.62372
2012.63365
2012.64358
2012.65352
2012.66345
2012.67338
2012.68332
2012.69325
2012.70318
2012.71312
2012.72305
2012.73298
2012.74292
2012.75285
2012.76278
2012.77272
2012.78265
2012.79259
2012.80252
2012.81245
2012.82239
2012.83232
2012.84225
2012.85219
2012.86212
2012.87205
2012.88199
2012.89192
2012.90185
2012.91179
2012.92172
2012.93165
2012.94159
2012.95152
2012.96146
2012.97139
2012.98132
2012.99126
2013.00119
2013.01112
2013.02106
2013.03099
2013.04092
2013.05086
2013.06079
2013.07072
2013.08066
2013.09059
2013.10053
2013.11046
2013.12039
2013.13033
2013.14026
2013.15019
2013.16013
2013.17006
2013.17999
2013.18993
2013.19986
2013.20979
2013.21973
2013.22966
2013.23959
2013.24953
2013.25946
2013.26940
2013.27933
2013.28926
2013.29920
2013.30913
2013.31906
2013.32900
2013.33893
2013.34886
2013.35880
2013.36873
2013.37866
2013.38860
2013.39853
2013.40846
2013.41840
2013.42833
2013.43827
2013.44820
2013.45813
2013.46807
2013.47800
2013.48793
2013.49787
2013.50780
2013.51773
2013.52767
2013.53760
2013.54753
2013.55747
2013.56740
2013.57733
2013.58727
2013.59720
2013.60714
2013.61707
2013.62700
2013.63694
2013.64687
2013.65680
2013.66674
2013.67667
2013.68660
2013.69654
2013.70647
2013.71640
2013.72634
2013.73627
2013.74620
2013.75614
2013.76607
2013.77601
2013.78594
2013.79587
2013.80581
2013.81574
2013.82567
2013.83561
2013.84554
2013.85547
2013.86541
2013.87534
2013.88527
2013.89521
2013.90514
2013.91508
2013.92501
2013.93494
2013.94488
2013.95481
2013.96474
2013.97468
2013.98461
2013.99454
2014.00448
2014.01441
2014.02434
2014.03428
2014.04421
2014.05414
2014.06408
2014.07401
2014.08395
2014.09388
2014.10381
2014.11375
2014.12368
2014.13361
2014.14355
2014.15348
2014.16341
2014.17335
2014.18328
2014.19321
2014.20315
2014.21308
2014.22301
2014.23295
2014.24288
2014.25282
2014.26275
2014.27268
2014.28262
2014.29255
2014.30248
2014.31242
2014.32235
2014.33228
2014.34222
2014.35215
2014.36208
2014.37202
2014.38195
2014.39188
2014.40182
2014.41175
2014.42169
2014.43162
2014.44155
2014.45149
2014.46142
2014.47135
2014.48129
2014.49122
2014.50115
2014.51109
2014.52102
2014.53095
2014.54089
2014.55082
2014.56075
2014.57069
2014.58062
2014.59056
2014.60049
2014.61042
2014.62036
2014.63029
2014.64022
2014.65016
2014.66009
2014.67002
2014.67996
2014.68989
2014.69982
2014.70976
2014.71969
2014.72963
2014.73956
2014.74949
2014.75943
2014.76936
2014.77929
2014.78923
2014.79916
2014.80909
2014.81903
2014.82896
2014.83889
2014.84883
2014.85876
2014.86869
2014.87863
2014.88856
2014.89850
2014.90843
2014.91836
2014.92830
2014.93823
2014.94816
2014.95810
2014.96803
2014.97796
2014.98790
2014.99783
2015.00776
2015.01770
2015.02763
2015.03756
2015.04750
2015.05743
2015.06737
2015.07730
2015.08723
2015.09717
2015.10710
2015.11703
2015.12697
2015.13690
2015.14683
2015.15677
2015.16670
2015.17663
2015.18657
2015.19650
2015.20643
2015.21637
2015.22630
2015.23624
2015.24617
2015.25610
2015.26604
2015.27597
2015.28590
2015.29584
2015.30577
2015.31570
2015.32564
2015.33557
2015.34550
2015.35544
2015.36537
2015.37530
2015.38524
2015.39517
2015.40511
2015.41504
2015.42497
2015.43491
2015.44484
2015.45477
2015.46471
2015.47464
2015.48457
2015.49451
2015.50444
2015.51437
2015.52431
2015.53424
2015.54418
2015.55411
2015.56404
2015.57398
2015.58391
2015.59384
2015.60378
2015.61371
2015.62364
2015.63358
2015.64351
2015.65344
2015.66338
2015.67331
2015.68324
2015.69318
2015.70311
2015.71305
2015.72298
2015.73291
2015.74285
2015.75278
2015.76271
2015.77265
2015.78258
2015.79251
2015.80245
2015.81238
2015.82231
2015.83225
2015.84218
2015.85211
2015.86205
2015.87198
2015.88192
2015.89185
2015.90178
2015.91172
2015.92165
2015.93158
2015.94152
2015.95145
2015.96138
